# Created by Octave 6.3.0, Thu Oct 14 11:59:42 2021 GMT <unknown@LAPTOP-G3LN1NPN>
# name: x
# type: matrix
# rows: 1
# columns: 755
 0 0 0 8.2033060851997293e-12 0 0 0 0 7.0970657857205057e-12 0 2.4203502029613829e-12 0 0 0 0 0 0 0 0 0 0 0 0 0 0 0 0 0 0 1.9773295144520373e-12 0 0 0 0 0 0 2.354535743983943e-12 0 0 0 0 0 0 0 0 0 0 0 0 0 0 0 0 0 0 0 0 0 0 7.91972472780507e-12 0 2.2290125720771597e-11 0 3.9425763030012171e-12 0 3.041664494058673e-12 0 4.4318145665563771e-12 0 0 0 0.1863390617728955 0 0.66666662390446108 0 0.18633906183557639 0 0 9.393256769347679e-13 0 0 0 0 0 4.9597502218681256e-12 0 0 0 0 4.205235093471586e-13 0 0 0 0 0 0 0 0 0 0 0 0 0 0 0 0 3.2176602337093144e-12 0 0 0 0 0 0 0 0 0 0 0 0 0 0 0 0 0 0 0 0 0 4.0894809305752092e-12 0 6.6404619896367155e-12 0 0 0 0 0 0 0 7.61176334061177e-12 0 0 0 0 0 0 1.275863538620936e-11 0 0 0 0 0 0 0 0 0 0 0 0 0 0 0 0 0 0 0 0 0 0 0 0 0 0 0 0 1.2194287335262219e-11 0 0 0 0 1.4891001230740275e-12 0 0 0 0 0 0 6.4639971738554453e-12 0 0 0 0 0 0 0 0 0 0 0 0 0 0 0 0 0 0 0 0 0 0 0 0 0 0 0 0 0 0 0 0 0 0.083333437102418778 0 0 0 0 1.8557833335549756e-11 0 1.6916303196932492e-13 0 0 0 0 0 0 0 1.2966315881316843e-10 0 0.1666666878652549 0 0 0 0 0 0 9.9558663775871375e-11 0 0 0 0 0 0 0 0 1.5664073307003871e-11 0 0 0 0 0 0 0 0.37267805175112867 0 5.7510251503541467e-11 0 0.37267805200761539 0 0 0 0 0 0 0 0 0 0 0 6.7180689277042397e-12 0 3.8061134278516541e-12 0 0 0 0 0 0 0 0.16666668803050591 0 8.2060660831860408e-12 0 0 0 0 4.8057647592131306e-12 0 0 0 0 0 0 0 0 0 0 0 0 0 0 0 6.1718508376803148e-12 0 0 0 0 0 0 0 0 1.2648350566567071e-11 0 0 0 0 0 0 0 0 0 0 0 0 0 0 0 0 0 0 0 0 0 0 0 0 0 0 0 0 0 0 0 0 0 0 0 6.4739396905632077e-12 0 0 0 0 0 0 0 0 0 0 0 0 0 3.9377486725525796e-13 0 0 0 0 1.2129773777664876e-11 0 0 0 0 0 1.3124325826601894e-11 0 1.8105285407313067e-11 0 0 0 0 0 0 0 0 0 2.3178834471964701e-11 0 0 0 0 0 0 0 0 0 0 0 0 0 0 0 0 1.3385912682221736e-10 0 0 0 0 0 0 0 0 0 0 0 0 0 0 0 1.1638581049743952e-11 0 1.017996784596214e-11 0 0 0 0 0 0 0 5.3600928265550083e-11 0 0 0 0 0 0 0 0 0 0.52704644184366189 0 0 0 0 0 0 0 0 0 0 0 0 0 0 0 0 0 1.8081396762452245e-11 0 0 0 0 0 0 0 0 0 8.3633541885660035e-12 0 0 0 0 0 0 0 2.1331794582552897e-12 0 1.5695697885791967e-11 0 4.6227761297389484e-12 0 0 0 0 0 0 0 0 0 0 0 7.7171575474403987e-12 0 0 0 0 0 0 0 0 0 0 0 3.1923791816304469e-13 0 0 0 0 0 0 0 0 0 0.52704644232593145 0 0 0 0 6.7531648827522921e-12 0 0 0 0 7.9460217348319195e-12 0 0 0 0 0 0 0 0 0 0 0 0 0 0 0 0 0 0 0 0 1.8907316379626836e-13 0 0 0 0 0 0 0 0 0 0 0 0 0 0 0 0 0 0 7.2127801283504369e-12 0 0 0 0 0 0 0 0 0 0 0 0 0 0 0 0 0 6.6652535283748086e-12 0 0 0 0 0 0 0 0 0 0 0 0 0 0 0 0 8.207375515706089e-12 0 0 0 0 0 0 0 0 0 0 0 0 0 0 0 0 0 0 0 0 0 0 0 0 0 0 0 0 0 0 0 0 0 0 0 0 0 0 0 0 0 0 0 0 0 0 0 0 0 3.6279820308085915e-12 0 0 0 0 0 0 0 0 0 0 0 0 0 0 0 5.2940390925893873e-12 0 1.2288305569649027e-11 0 2.2822310518269991e-13 0 0 0 0 3.9804312723301606e-11 0 0 0 0 0 0 0 0 0 0 0 0 0 0 0 0 0 0 0 0 0 0 0 0 0 0 0 0 0 0 0 0 0 0 0 0 0 0 0 0 0 0 0 0 1.0015328950828434e-11 0 0 0 0 0 0 0 0 0 7.5758368475088215e-12 0 0 0 0 0 0.1666668424001046 0 0 0 0 0 0 0 2.793640499120945e-11 0 0 0 0.16666684236983012 0 8.7326583115228165e-12

# Created by Octave 6.3.0, Thu Oct 14 12:21:45 2021 GMT <unknown@LAPTOP-G3LN1NPN>
# name: y
# type: matrix
# rows: 1
# columns: 77
 3.8333338070947072 -2.9999992546458296 2.8333338070947072 -5.8333365702112125 1.8333338070947072 8.6666738857765928 2.1666576103409732 -4.8333463182932377 3.1666576103409732 -3.6666765529761687 1.666667404107641 -3.3333414524795453 1.9999908346768276 -6.8333365702112099 2.9999908346768276 -7.6666738857765928 3.0000000319705515 -5.5000133177532478 2.3333330325105428 -2.6666765529761687 1.4999883209296163 -4.3333397133164979 1.1666662568463906 -5.8333369428882964 2.1666662568463977 -6.6666738857765928 3.1666662568463977 -5.500004120459522 4.1666645176875674 -2.3333544888887312 1.3333236571055957 -4 2.3333236571055957 -4.8333369428882964 3.3333232844285168 -5.6666738857765928 4.3333232844285128 -4.500004120459522 4.0000009718939964 -2.6666750622644222 0.49999870659808288 -3 1.4999987065980829 -3.8333369428882973 2.4999987065980829 -4.6666738857765928 3.4999987065980829 -3.500004120459522 4.4999972158813328 -2.3333358458592004 1.6666561068572863 -2 2.6666561068572872 -2.8333369428882964 2.6666641861132439 -3.6666738857765928 3.6666641861132439 -2.500004120459522 4.6666641861132439 -1.3333358458592004 0.83333115634976629 -1 1.8333311563497663 -1.833336942888296 2.8333311563497663 -2.6666738857765928 3.8333311563497663 -1.5000106989788584 4.0333324165676485 -0.73333417224649933 1 -0.83333694288829596 2 -1.6666738857765928 3 -1.1666697653170703 4

# Created by Octave 6.3.0, Thu Oct 14 12:22:32 2021 GMT <unknown@LAPTOP-G3LN1NPN>
# name: fo
# type: scalar
8.6666738855398044

# Created by Octave 6.3.0, Thu Oct 14 12:23:20 2021 GMT <unknown@LAPTOP-G3LN1NPN>
# name: iteracao
# type: scalar
224

